$ANSIBLE_VAULT;1.1;AES256
30316332363662333865303363666137303030666539383539663961353435343437356436623836
3963313064323766616438376637353032646564333264340a303536633964646137323930636663
62656334396638643530646633326630393633363736316530303766646366313339386161396530
3735626361316332320a333564363030663735343038333430653966373462393264356632383164
34313061626634393661323835326137373539306461623130393833643730323661363336656162
64333936636332353833643763633733643936363233383764643563643030626530623461366231
34343766646435313532373365346537626232626366326334346630636335386434616664653035
30646663393661666135356239373434623865663562303962633163386531653936316463643434
35333837313762663563363133623733616435386463363830346531363338333963336163616464
34643032633564376139633862326438316432343537316639633332326435643130313531623764
36336266633065316465303065336563616561376465653962613765396131316466666238356530
31663232393061303165306665663065646665633363663035373635623339616338386262326436
64393334333962336435626536353930376430323761366263353263373164653462613666386464
33316262343036363461376165306632306532366366656333346633376430363338643232643163
39353530366166346231333361323663356138616664333637636233353166643430366433616531
37396362396264346231363365656334336335663131633032333532326132333533383035653364
33303661666135666465613264313861303231306533656535396430393664356436
