$ANSIBLE_VAULT;1.1;AES256
64613261643434313166333937393462303738303038333932646235386330363766343134393831
3633333563343139663161326430393664373364363262300a656461393461353263623038383831
38356137643830313933313565343763353336313133633833643432303838626365616334623264
3362643839633737640a386131363066376439363732383438373362316336633037656632643839
62336532633363613165383532323034326562356462643963343537366230303737313831663832
64333163376133386530313832346130303434613632643739356539636236323439666238323364
33376361333935623465336535633064376264353930336236323132363137646230326339653065
32623633656437383065393033326535306161613331656662656439393262396635616361306161
36626133376664663961303535633833376665616265653764353765303362643339653439613661
62356435666162333239376337376639626331356166356236316330363330626133623561333434
37636433633861636163383064313230333563353437333037306336626163343738383836666165
38356664613965336232333138666464386634616539663036323332393839383632333239353638
39343030376135323935356430626561613633363061383031373861366364356131613536323832
66356364363866663339386134326534313137633131376362653734396136353066636261623433
30623263633465383933343139353635333763313532613433363439313031383333316430303930
39373235386565373231396434633830383031616163353037646562326462386633393931643139
30376536393864663437613037633836333437346232323333656431623364313831636539386631
62313032643839373938643262353030363637663936636166303333333531363439306233306239
31383539356563646130336432643738366336393731653732333932386636396239363431316162
65366665653164623134623131393264316136363734653964666362393862613963663436366532
38363666336364346432366333643438306630633037306264376138393762663562
